---
poses:
- x: -48.0
  y: 63.0
  heading: 0.0
- x: -60.0
  y: 22.0
  heading: 1.5707963267948966
- x: 0.0
  y: 42.0
  heading: 0.0
- x: 24.0
  y: 15.0
  heading: 4.71238898038469
- x: 0.0
  y: 42.0
  heading: 0.0
- x: -36.0
  y: 22.0
  heading: 1.5707963267948966
- x: 0.0
  y: 42.0
  heading: 0.0
- x: 51.0
  y: 32.0
  heading: 4.71238898038469
- x: 51.0
  y: 72.0
  heading: 4.71238898038469
- x: 0.0
  y: 72.0
  heading: 4.71238898038469
constraints:
  maxVel: 50.0
  maxAccel: 40.0
  maxJerk: 0.0
  maxAngVel: 3.141592653589793
  maxAngAccel: 3.141592653589793
  maxAngJerk: 0.0
resolution: 0.25
