---
poses:
- x: -39.0
  y: 58.0
  heading: 3.141592653589793
- x: -48.0
  y: 30.0
  heading: 4.71238898038469
- x: -50.0
  y: 20.0
  heading: 4.014257279586958
- x: 0.0
  y: 42.0
  heading: 3.141592653589793
- x: 51.0
  y: 32.0
  heading: 4.71238898038469
- x: 51.0
  y: 24.0
  heading: 4.71238898038469
- x: 24.0
  y: 48.0
  heading: 0.0
- x: 0.0
  y: 42.0
  heading: 0.0
- x: -36.0
  y: 32.0
  heading: 0.0
- x: -40.0
  y: 25.0
  heading: 1.5707963267948966
- x: 24.0
  y: 48.0
  heading: 0.0
constraints:
  maxVel: 50.0
  maxAccel: 40.0
  maxJerk: 0.0
  maxAngVel: 3.141592653589793
  maxAngAccel: 3.141592653589793
  maxAngJerk: 0.0
resolution: 0.25
