---
poses:
- x: 24.0
  y: 48.0
  heading: 3.141592653589793
- x: 0.0
  y: 42.0
  heading: 3.141592653589793
- x: 24.0
  y: 32.0
  heading: 4.71238898038469
constraints:
  maxVel: 25.0
  maxAccel: 40.0
  maxJerk: 0.0
  maxAngVel: 3.141592653589793
  maxAngAccel: 6.283185307179586
  maxAngJerk: 0.0
resolution: 0.25
